57
45
80
6
37
52
29
58
62
22
20
16
82
80
18
78
33
88
25
49
78
42
78
82
43
22
6
69
73
66
52
76
12
80
62
60
24
48
47
11
68
39
25
84
82
25
48
66
18
17
66
18
8
65
49
30
35
88
72
87
94
71
65
11
8
7
40
5
8
38
99
26
24
94
86
33
30
14
13
97
79
20
61
67
88
47
4
5
100
5
91
68
99
59
79
57
96
23
49
19
67
71
14
84
18
7
46
2
65
16
22
38
93
11
45
2
46
73
50
62
40
77
32
54
50
57
55
64
52
35
16
44
81
90
75
15
79
65
67
51
83
53
71
30
76
96
91
39
37
71
2
34
45
81
68
31
28
5
36
63
51
66
51
66
49
56
30
23
49
97
29
47
46
46
42
26
35
71
66
43
10
2
27
65
97
2
61
41
14
87
45
96
42
5
83
49
36
10
6
9
58
23
7
13
43
91
7
19
97
69
58
91
81
24
28
56
59
30
83
4
88
3
46
52
98
89
42
63
1
69
56
9
19
26
53
37
27
20
64
98
13
89
15
15
91
32
58
76
8
82
29
75
60
91
78
63
65
37
43
83
27
18
86
41
95
14
49
82
16
36
71
9
72
37
50
58
4
76
49
100
74
80
74
74
97
79
41
67
57
26
34
78
81
73
55
76
47
13
48
31
48
12
34
25
48
23
87
45
75
16
20
75
84
91
67
8
69
46
56
41
83
2
87
8
86
69
83
92
61
96
2
47
3
96
35
33
50
59
71
96
77
2
1
99
26
60
76
33
12
12
14
99
71
95
68
65
18
92
88
45
44
84
11
60
34
100
91
50
35
9
9
36
46
50
55
56
49
9
100
99
4
60
31
9
15
17
98
16
17
20
86
77
39
64
16
100
74
95
15
98
50
20
82
83
10
76
22
82
80
44
6
61
29
72
47
69
78
72
88
51
67
96
53
20
34
15
85
92
20
40
61
43
90
85
54
9
28
90
38
98
6
13
51
25
69
67
36
55
29
50
53
60
39
78
92
8
12
89
15
27
60
44
21
81
15
75
33
68
89
7
97
26
86
1
52
35
24
18
49
90
91
5
2
5
12
49
43
64
25
50
3
78
55
8
68
71
6
60
51
18
60
14
81
59
18
85
66
85
16
94
7
80
49
13
12
56
27
12
49
19
57
22
82
14
47
80
51
44
2
93
63
67
43
32
19
43
32
97
26
19
50
70
47
90
13
34
16
18
91
83
73
48
54
86
27
10
45
34
36
58
79
20
64
54
60
8
45
33
41
4
48
5
42
1
29
16
61
44
90
66
90
37
6
80
62
49
75
97
39
18
63
29
100
76
69
61
1
86
64
92
18
57
73
38
30
62
93
79
44
71
53
1
76
23
53
56
45
79
28
59
8
49
35
78
65
29
46
30
25
63
30
39
90
89
19
12
43
35
25
66
26
8
63
56
93
23
80
100
36
14
14
42
76
19
45
91
11
23
76
28
27
93
98
10
78
58
68
49
74
52
76
22
78
76
76
93
66
33
43
31
20
92
33
70
1
85
87
78
87
74
54
51
59
87
56
49
80
2
85
84
15
30
30
6
9
88
99
7
50
38
37
73
12
98
1
27
48
28
28
20
97
91
74
29
38
34
56
44
46
88
48
11
73
97
58
58
82
22
70
18
31
47
52
56
67
50
27
100
97
60
49
50
17
95
66
10
59
100
59
17
46
84
26
50
58
36
69
12
34
24
64
53
3
5
46
42
78
49
26
77
9
57
25
83
15
36
2
71
87
52
70
89
39
55
84
17
86
48
26
14
64
23
77
13
44
9
84
89
62
71
28
66
18
69
58
60
57
16
96
36
49
41
39
68
28
26
83
46
83
7
40
44
59
25
65
39
3
75
50
88
54
63
29
81
85
23
23
67
2
88
98
35
34
77
15
96
99
63
8
92
14
78
57
45
99
12
71
53
71
67
23
79
23
99
43
75
48
41
81
26
39
21
61
92
42
8
48
27
4
91
58
70
41
51
11
35
24
75
17
58
92
69
8
64
19
29
61
63
99
29
88
70
40
88
33
77
4
76
97
86
28
83
98
61
50
53
87
38
78
93
43
85
91
10
17
22
79
66
5
54
13
23
56
98
52
86
86
35
3
76
14
81
60
2
87
98
77
55
84
44
14
13
26
90
58
14
56
85
22
3
100
7
4
42
69
54
90
78
81
49
7
39
40
63
72
73
4
35
18
26
81
39
35
64
81
97
6
34
35
67